# Created by Octave 3.8.2, Sun Oct 04 20:26:36 2015 CDT <borna@LaptopBunny>
# name: all_theta
# type: matrix
# rows: 10
# columns: 401
 -3.34914851641554 0 0 8.690951977460949e-05 -0.000803081247109255 -0.0008752042120531024 0.001403058957598958 -0.01731102153818247 -0.0009716373642106892 0.0005500913508309468 0.0004744956513396113 7.052838308972234e-05 0.0003953276132365436 0.001759694737569437 0.001529707136182962 0.004259793338336401 0.005606830029992328 0.0004725584678477625 -7.999775225669152e-05 -9.049827696281862e-08 0 -1.636115690898465e-08 9.463414195981982e-06 -0.001104053579746742 0.009136827318926352 0.01048672153323852 0.001985496335060151 -0.0231505870232796 0.0001888643165989824 0.0006312340045738745 -0.009323015963037463 -0.001181690447056783 -0.004395817830613793 -0.01925287651829306 -0.01141176956567921 -0.03851186071482113 -0.05268307660967846 0.006061956468855398 0.009538841453027828 0.0003191665181450882 0.0001702880145944311 1.323531026247228e-07 -0.0002809794421382187 0.0003226397008393011 0.02625349479313941 0.06504723168862192 0.0970865539077348 0.09556572791901273 -0.057637349476056 -0.08749662249964654 -0.02323440633275791 -0.03886063326485426 -0.00518094403519474 -0.05845380862961717 -0.1675566382798934 -0.2749284792965974 -0.215018300053831 -0.04558565740000479 0.050876715200405 0.0007342396366983905 -0.0003904249473120841 6.670135860552704e-07 0.001335836271045002 0.004789462172683424 -0.1654785497505014 -0.6085982368869554 -0.9498304281477544 -1.287401367177391 -0.7604833943051769 -0.8390885281146524 -0.07639384934034671 0.3429067269152243 -0.1107880562881195 -0.002087260781627356 -0.5264566909624541 -0.7104396448054865 -1.072658222207101 -1.451413484748597 -1.391009802062918 -0.03277062045160935 -0.01736252237076702 1.475263188465971e-06 0.006709503071873203 -0.05116030593874038 -0.1533355292322349 -0.4407163957181039 -2.99243376988973 -2.307017547534603 0.003965456353518564 1.402365132691471 2.101305133958754 0.01480702520538115 -0.5133228014904614 0.09216826826180598 -1.033495723954149 -1.059106043536857 1.867538786037501 0.1846813198578367 -1.293108956983118 -0.2396576475966019 -0.0392535055745299 -1.712103946147552e-05 -0.01592888562179933 -0.122747383285543 1.583495950857496 0.1272123581707392 -0.8013178515071711 -1.489723851713025 -0.8246939192492088 2.35645771490065 1.547728549406391 -2.075775289942916 -1.294141861161476 -0.1551361174464271 -1.59154040316087 -1.630539960308945 3.937658362308138 0.9290764793867 -3.254304326328873 -0.6858653506287903 -0.04502978062302174 -0.0001547149464879174 0.01373876514701985 -0.7911540072245825 -0.3272960909968479 -0.5465885038970488 -1.447037798265733 -0.6462697916772834 -1.000544609125172 -0.5943024473376519 -1.186580777037526 -0.9895404396388089 -0.6907767375078971 -0.1872869062853996 -0.8625289730612845 -1.840850869278674 -1.940517333953629 -0.04759211599461476 -1.819435167896248 -1.129484122364609 -0.0286633575434335 -0.0008301144025267727 0.04798187147695948 -1.575863982680984 -2.701340229311339 -0.8554007127905185 -1.082247571260952 0.1072817561145274 -0.7562863028698961 0.7987151734207123 -2.277931321722837 -2.326996342979758 -1.223059432798002 -2.265220511690376 1.531993209672172 2.308773862495233 -0.8895333939679039 -0.02265009601772575 0.06632436702985632 -2.521908434302799 0.0002246945678969318 0.02013615159940777 -0.247852449687587 -1.222210230054209 -0.5627237848347704 -1.870573408104793 -1.339450381897073 0.2905284147397869 0.1879157467464326 -0.3769562712086027 -2.21773988789875 -0.5143385228723699 0.6420579753769485 -0.8049500285934279 -1.939500562034017 0.5335517421040744 -0.1299444945007816 -0.9591317414856397 -1.545096192211954 -2.966326932609 -0.4445904241973175 0.04161429788930807 -0.4722243838351067 -0.215026625332095 -0.7564754580630759 -0.9356553518363406 -0.4161035445724499 -0.2170916968060454 0.215339154116601 0.4766042652990481 0.4472108926320704 1.024951699508617 0.61400366889738 0.9214414741967109 0.6752535226241282 0.1501353213346978 -1.468240751369097 -0.1875403882370291 -0.2222636130422579 -2.171640322829885 -0.1267379464068808 0.02730236147683567 -0.2595874631501415 0.7363777165003375 -1.515833602512515 -2.447064707879605 0.3595131291597677 -0.4555917235195067 0.5125684338751425 2.939056593704729 2.903062506593337 2.016321097508521 2.375330990925224 -0.04975858559486983 1.332012729927758 -0.05113942242720749 0.1266252300511565 -0.2700726634729676 -1.575765508403428 -1.6748045069081 0.04757735549909457 0.007966252443884761 -0.1582763504206898 0.5049767741697975 2.161452410650445 0.7568035561717985 -0.4228459871722426 -0.9361686866376815 1.864093485311649 1.293729447338427 0.4001346915184338 -1.062390626100488 0.2170829015757038 -1.841147002286094 -1.11520590693981 0.7077130066219007 0.9448859735402293 0.8491455179805562 -2.774516342966681 -1.858241162941167 -0.05351727633851379 0.02193047925175162 -0.1861083134944952 -2.347162774498975 -2.809686956739195 -1.41435631940276 -1.980502913723955 -0.4185182824648693 0.01036932932553094 0.1009190670215655 0.09125896403783955 0.8767201566247924 1.143030566606273 -0.942087167821171 -0.8020226942355791 -1.220474195950768 -1.213341410154749 2.231957720841465 0.6910065405509362 -0.8921120125353711 -0.116234745833674 0.01757727879686419 -0.2416504254891092 -0.894064967013417 1.538787442170871 0.6538583223778121 1.873327802061009 -0.8910533264924103 -1.240592807411191 1.314950165579538 -1.400519177180851 -1.324080409132551 -2.535284068520487 -1.372024314086434 1.264886872901404 1.682070227777048 -0.8027476843978258 1.242708437066213 0.3399378812586686 -0.7627569245215692 -0.03784505252028779 0.002496904114282762 -0.01627508750766155 -0.5288697311083757 -0.6338380165357074 -0.2904873131530076 -0.5655560682589559 -1.012690623810708 -0.6937091677612424 -2.332794538612418 -2.11174579037198 -1.097541072495635 -1.964732396075832 -1.39634767210496 1.853392176045673 -0.8736430188818888 -0.2313506773100339 2.204849233847738 -1.194288825489549 -0.6772829069945262 -0.03998016970796802 -0.000160605894356798 0.01832607492257632 -0.1653915735760506 -1.285228914500749 -1.186418991113422 1.030205206381297 -0.3113668543108738 -1.455654892265242 -1.220347404933292 -0.9194881332464341 -1.302344581640377 -1.68023098694321 -1.57597362771561 -1.428683816882974 -0.6583895197118086 0.5872615602988018 0.1357272584945111 -1.40106992596466 -0.01592116945225843 -0.007994482289632591 -1.236267585283313e-05 -0.01192408891188817 0.08303881849229452 0.6614219460870263 -0.9957362698274937 -0.9760107943516402 -1.182072439388784 -0.9517396688023106 -0.4540321022090782 -0.3137474589845033 -0.1835273770800567 -0.325702186257935 -0.8906807501026518 0.2532358131518874 0.8026459033023671 0.2199661522508606 -0.5717399592796009 -0.4387417380020407 -0.0129499076518506 -0.006379516672910171 9.494462411454665e-06 -0.006017425599562099 0.04081765889359799 0.3690463452464374 -0.9607879489722901 -1.368727883566621 -0.7043371096190002 0.009717449531311723 -0.01289387447305405 -0.268505706692161 -0.04139630223394841 -0.1170143128624392 -0.3295372679153347 0.5099155596313296 2.437233571327125 2.702874122570271 0.6254465846071154 -0.2247745386414314 -0.01350454122411223 0.0003158837826508578 -3.321582714793991e-07 0.0007708407882209772 0.002642299250623029 -0.09633347743093515 -0.3702159728618456 -0.1394034211963193 -0.1632312646502166 0.6460745431371872 0.4882611142295382 -0.1301082850372988 0.2551313817531345 0.03302682349531021 -0.1041581222012731 -0.001605216323029889 0.5286250112019518 1.711047453876515 0.4468170071064992 -0.04539443879996236 0.0007805002754030157 7.709393630721987e-05 0 -4.434039779831714e-05 0.001095352572707448 -0.005924167251256338 0.009029422158324928 -0.00522450187498926 0.006001696880862377 -0.06155003257936911 -0.05453059995611013 0.004103233062630949 0.04537206057797018 0.00168000282615868 0.06223885712220252 0.3229967765340797 -0.01554224222068452 -0.1560589176695668 -0.03886216547654228 0.004817099519851735 